4294967278,280
4294967279,287
4294967279,397
4294967278,303
4294967278,298
4294967278,571
4294967278,570
4294967279,311
4294967279,310
4294967279,380
4294967279,15
4294967279,11
4294967279,263
4294967278,336
178,5
178,4
178,3
178,2
178,1
4294967278,318
176,6
176,5
176,4
176,3
176,2
176,1
4294967278,315
4294967294,493
4294967294,1420
4294967294,120
4294967294,967
4294967294,910
4294967279,324
4294967278,235
175,5
4294967278,228
175,4
175,3
175,2
175,1
4294967294,416
4294967278,221
4294967294,409
4294967294,178
4294967294,386
4294967294,953
4294967294,459
4294967294,110
4294967278,335
4294967278,212
174,4
174,3
174,2
174,1
172,5
4294967278,202
172,4
172,3
172,2
172,1
171,4
4294967279,198
171,3
171,2
171,1
4294967278,319
4294967279,361
4294967278,249
4294967279,379
170,3
170,2
170,1
4294967278,296
4294967279,168
4294967294,392
4294967294,115
4294967279,166
4294967278,164
4294967278,163
4294967279,378
4294967278,162
168,6
4294967278,159
4294967279,162
4294967278,334
4294967278,333
4294967279,161
168,5
168,4
168,3
168,2
168,1
4294967278,156
4294967294,492
4294967278,291
4294967279,366
167,5
167,4
167,3
167,2
167,1
4294967279,297
4294967278,568
4294967279,377
4294967279,376
4294967278,289
4294967279,142
166,4
4294967279,141
166,3
166,2
166,1
4294967279,365
4294967279,137
4294967279,276
164,5
164,4
164,3
164,2
164,1
4294967279,396
4294967278,282
163,4
163,3
163,2
163,1
4294967278,543
4294967279,395
4294967278,332
4294967294,401
4294967294,468
4294967278,262
4294967278,284
4294967278,567
4294967279,282
4294967278,331
4294967279,333
4294967279,334
4294967279,332
4294967278,513
4294967279,331
4294967278,512
4294967279,330
4294967279,374
4294967279,242
4294967278,240
162,5
4294967278,238
162,4
162,3
162,2
162,1
4294967294,190
4294967279,236
4294967278,231
4294967278,230
4294967279,230
4294967278,224
160,6
4294967278,222
4294967278,220
160,5
4294967278,216
160,4
4294967278,214
160,3
160,2
160,1
4294967294,491
4294967279,323
159,5
159,4
159,3
159,2
159,1
4294967294,954
4294967294,1
4294967278,564
4294967279,316
158,4
158,3
158,2
158,1
4294967278,306
156,5
4294967278,189
4294967279,190
156,4
156,3
156,2
156,1
4294967278,187
155,4
155,3
155,2
155,1
4294967278,301
4294967294,89
4294967279,306
4294967278,317
4294967278,316
4294967278,566
4294967279,372
4294967279,326
4294967278,297
4294967278,563
4294967279,164
4294967278,160
4294967279,160
4294967294,37
4294967294,39
4294967279,159
154,5
154,4
154,3
154,2
154,1
4294967294,40
4294967294,457
4294967294,415
4294967294,108
4294967294,164
4294967279,148
4294967279,394
4294967279,147
152,6
4294967279,295
152,5
152,4
152,3
152,2
152,1
4294967294,490
4294967278,330
151,5
151,4
151,3
151,2
151,1
4294967278,544
4294967279,288
150,4
150,3
150,2
150,1
4294967279,266
4294967278,277
4294967294,905
148,5
4294967294,76
148,4
148,3
148,2
148,1
4294967294,440
4294967294,906
4294967294,920
147,4
147,3
147,2
147,1
4294967278,255
4294967279,393
4294967279,251
4294967278,251
4294967279,363
4294967279,247
4294967279,243
4294967294,909
4294967279,216
4294967278,213
146,5
146,4
4294967278,211
146,3
146,2
146,1
4294967278,207
4294967294,955
4294967279,208
4294967294,82
4294967278,206
4294967294,46
4294967279,317
144,6
4294967294,42
144,5
4294967278,200
144,4
144,3
144,2
144,1
4294967279,371
4294967278,198
4294967294,489
4294967294,43
4294967294,91
4294967294,87
4294967294,85
4294967294,84
4294967294,462
4294967294,116
4294967294,455
4294967279,370
4294967279,369
4294967278,195
143,5
4294967294,52
4294967294,418
143,4
143,3
143,2
143,1
4294967279,193
4294967294,390
4294967278,191
4294967279,191
4294967294,393
4294967278,185
4294967279,185
142,4
4294967279,184
142,3
142,2
142,1
4294967279,181
4294967278,179
4294967279,180
4294967279,179
4294967294,88
4294967278,175
140,5
4294967278,173
140,4
140,3
140,2
140,1
4294967279,368
4294967279,170
139,4
139,3
139,2
139,1
4294967278,329
4294967278,166
4294967278,549
4294967279,358
4294967279,302
4294967278,294
4294967278,174
4294967278,88
4294967279,0
4294967279,260
4294967279,300
4294967279,357
4294967278,523
4294967279,299
4294967279,155
4294967279,154
4294967278,153
4294967279,153
4294967278,151
4294967278,149
4294967294,50
4294967278,560
4294967279,145
4294967279,144
4294967294,38
4294967294,36
4294967279,143
4294967279,140
138,5
4294967279,139
138,4
138,3
138,2
138,1
4294967279,279
4294967278,286
4294967278,328
136,6
4294967278,268
4294967279,283
4294967278,281
136,5
136,4
136,3
136,2
136,1
4294967279,268
4294967294,488
4294967278,264
135,5
4294967279,264
4294967278,261
135,4
135,3
135,2
135,1
4294967294,903
4294967278,515
4294967279,364
134,4
134,3
134,2
134,1
4294967278,327
4294967278,247
132,5
132,4
132,3
132,2
132,1
4294967294,183
4294967294,184
4294967294,450
4294967294,112
4294967294,412
4294967294,408
4294967294,99
131,4
4294967294,470
4294967294,186
131,3
131,2
131,1
4294967278,326
4294967278,0
0,7
4294967294,29
4294967294,28
4294967294,0
4294967279,231
4294967279,229
4294967294,2
4294967279,227
4294967278,223
4294967279,223
4294967294,107
4294967294,90
4294967294,86
4294967294,923
4294967294,956
4294967294,419
4294967294,924
4294967294,27
4294967294,53
4294967294,45
4294967294,44
4294967294,970
4294967294,96
4294967294,94
4294967294,9
4294967294,8
4294967279,221
4294967294,22
4294967294,93
4294967294,95
4294967294,68
4294967294,11
4294967294,7
4294967278,558
4294967278,132
4294967278,131
4294967278,130
4294967278,129
4294967278,128
4294967278,127
4294967278,126
4294967278,125
4294967278,124
4294967278,123
4294967278,557
4294967278,122
4294967278,121
4294967278,120
4294967278,119
4294967278,118
4294967278,117
4294967278,116
4294967278,115
4294967278,114
4294967278,113
4294967278,112
4294967278,111
4294967278,110
4294967278,109
4294967278,108
4294967278,107
4294967278,106
4294967278,105
4294967278,104
4294967278,103
4294967278,102
4294967278,98
4294967278,97
4294967278,96
4294967278,93
4294967278,91
4294967278,90
4294967278,89
4294967278,87
4294967278,86
4294967278,85
4294967278,84
4294967278,83
4294967278,81
4294967278,77
4294967278,76
4294967278,75
4294967278,74
4294967278,72
4294967278,69
4294967278,68
4294967278,67
4294967278,65
4294967278,62
4294967278,60
4294967278,59
4294967278,58
4294967278,56
4294967278,55
4294967278,54
4294967278,53
4294967278,51
4294967278,50
4294967278,49
4294967278,48
4294967278,46
4294967278,45
4294967278,44
4294967278,43
4294967279,174
4294967279,17
4294967279,16
4294967279,8
4294967279,7
4294967279,6
4294967279,5
4294967278,101
4294967279,392
4294967278,100
4294967279,213
4294967278,99
4294967278,95
4294967278,94
4294967278,554
4294967279,318
4294967278,92
4294967278,309
4294967279,362
4294967279,203
130,5
130,4
4294967279,201
130,3
130,2
130,1
4294967279,351
4294967278,82
4294967279,199
